1001 1003 1002 1008
3658 1003 1003 1002
1005 1003 1003 1004
1007 8755 1001 1001
1001 1006 1003 1000
1003 1007 1002 1001
1004 1000 1001 1003
1008 1004 1005 1009
1009 8800 1002 1004
1002 1005 1003 1005
1002 1006 1000 1000
1004 9417 1000 1004
1007 1008 1002 1003
1001 1002 1003 1007
1009 1006 1005 1003
1004 1007 1006 1000
5793 1001 1005 1009
1004 1009 1002 1000
1000 6224 1008 1001
1008 1006 1002 1008
1006 3273 1007 1008
4807 1007 1007 1006
1001 1008 1009 2526
1003 1000 1009 1004
1008 1001 1000 1006
1007 1009 3807 1008
1007 1007 1001 1007
1009 7674 1009 1004
1002 4314 1003 1007
1000 1006 1001 1000
1007 1008 4179 1008
1000 1002 1005 1000
1007 1004 1006 1001
1001 1005 1001 7694
1008 1008 1005 1003
1000 1002 1009 1000
1001 1008 1001 1000
1003 1001 1007 1008
1004 1000 1003 2801
1005 1002 1001 1002
1000 1005 1008 1004
1007 1006 1001 1007
9521 1008 2525 1001
1005 1000 1001 1009
1002 1007 9395 1002
1001 1004 1001 1001
1000 1005 1000 1004
1004 5597 1005 1000
5247 1006 1005 1004
1005 1005 1001 1005