13 12 58 83
44 17 91 36
34 48 34 41
67 96 14 61
53 12 14 15
91 31 51 24
74 99 39 93
74 65 57 81
26 15 86 87
10 38 71 40
15 82 18 94
54 42 25 32
63 51 46 33
81 61 25 43
24 22 11 60
83 66 42 79
71 65 70 43
86 32 59 52
30 20 77 80
43 55 34 64
30 35 33 19
47 13 17 34
14 88 41 94
46 55 57 35
96 42 43 84
13 64 99 70
35 95 95 23
20 24 28 86
73 91 81 10
99 39 28 93
62 74 80 82
65 68 60 24
28 72 98 27
86 11 63 68
48 26 34 62
19 30 13 31
45 42 94 49
14 85 54 41
45 80 36 69
21 40 83 58
28 17 29 23
68 68 45 14
52 16 47 51
19 28 27 10
77 21 52 62
50 11 55 22
67 21 12 60
78 56 33 89
82 33 47 32
78 16 27 79
12 25 80 15
23 76 48 92
92 85 11 18
87 25 44 27
76 91 21 71
98 37 22 97
20 37 73 16
70 21 49 98
97 26 71 96
19 78 75 42
56 70 81 75
96 85 15 49
97 66 32 55
39 38 90 53
45 49 22 53
58 82 31 38
61 69 93 46
88 67 90 89
77 26 27 31
29 59 13 45
50 22 47 10
73 69 69 11
36 46 95 98
41 52 46 35
35 44 95 59
90 65 50 79
40 83 99 30
51 93 73 56
58 92 17 44
36 12 54 23
36 30 72 19
67 26 64 23
16 61 31 89
32 41 39 66
33 62 90 75
59 16 77 37
57 38 66 88
63 38 20 78
48 60 20 24
56 94 53 72
18 37 63 40
37 18 17 25
44 76 84 57
79 50 54 39
29 74 29 87
97 85 40 75
43 64 76 88
89 92 72 18
29 84 87 84