27900513
27520279
27268636
27630230
27401508
27542098
27099513
27196286
27265110
27663032
27385049
27703236
27721054
27243971
27434815
27361704
27211084
27561051
27159859
27766508
27155397
27454085
27855789
27068564
27082575
27068232
27941589
27473874
27233014
27744672
27939027
27100044
27507003
27562251
27103360
27981814
27528867
27832468
27975345
27315057
27341624
27444094
27680638
27002505
27658561
27429664
27636202
27660528
27178205
27136498
27741585
27392417
27835758
27620478
27109298
27487538
27462045
27136562
27686653
27961568
27395797
27388351
27495034
27101109
27383823
27146516
27012667
27762018
27746290
27734316
27449973
27305478
27496264
27642774
27171204
27797265
27322358
27014422
27362070
27753712
27236103
27230355
27953763
27441577
27066842
27700499
27576841
27617017
27999937
27897711
27865170
27183819
27742082
27690003
27579738
27259118
27917705
27723054
27976746
27589508
27300854
27754847
27937984
27849968
27528999
27481527
27518521
27577847
27679700
27218426
27376776
27945869
27854352
27145746
27622314
27426452
27566892
27707379
27285892
27384767
27041643
27112076
27552657
27933101
27542146
27901209
27526410
27118747
27643109
27939561
27772233
27178282
27867864
27622342
27936172
27778362
27455774
27715689
27083826
27452522
27981092
27846780
27130086
27339938
27196782
27479843
27389742
27919639
27896566
27774258
27498446
27096176
27099684
27777476
27856677
27217553
27379773
27336160
27759683
27468771
27339000
27590809
27804277
27664630
27749530
27201164
27396935
27328733
27109733
27596617
27012118
27718136
27679659
27009871
27002267
27553644
27339635
27286421
27724940
27870619
27391906
27529030
27861525
27109760
27360692
27075140
27134982
27755312
27140114
27000486
27264671
27744186
27067045
27126069
27339498
27073049
27339482
27472424
27710284
27024294
27353388
27391429
27819228
27530331
27115481
27593777
27891040
27667802
27330163
27146018
27267552
27427743
27758524
27034248
27030111
27094166
27370949
27092318
27955031
27255169
27861647
27864552
27176548
27918600
27006770
27914002
27051765
27342256
27023082
27539171
27187684
27375177
27451404
27309650
27711000
27593881
27331618
27033973
27114001
27500336
27636012
27466560
27800320
27883189
27585100
27239609
27061045
27297144
27226298
27948433
27512032
27222463
27017209
27302130
27452386
27885868
27256481
27726448
27803926
27996623
27545176
27135678
27299396
27993115
27072492
27239432
27190535
27480947
27234839
27030990
27207887
27154276
27480628
27961419
27685660
27705096
27940614
27339117
27457796
27812890
27096713
27701056
27848679
27721070
27106785
27693311
27713759
27058070
27024501
27242168
27693316
27316883
27787390
27504637
27496328
27201073
27742315
27613132
27036613
27524524
27958577
27619748
27696382
27704669
27959976
27210208
27626876
27846314
27085447
27661496
27668834
27596118
27902154
27719798
27838916
27571069
27267282
27595207
27691653
27648808
27897367
27921625
27939014
27162390
27234666
27615068
27706412
27889732
27890946
27913353
27300404
27166909
27137916
27028942
27332342
27786046
27427448
27799805
27567598
27450959
27367563
27840713
27588188
27186429
27206263
27234781
27201533
27929355
27658930
27480936
27612437
27603554
27629317
27789007
27984522
27694983
27159756
27549719
27569900
27972421
27675633
27263697
27409455
27123312
27547254
27266726
27583856
27786057
27282847
27235016
27462546
27453053
27145649
27111756
27506618
27676304
27521464
27253376
27755814
27732033
27292745
27622706
27519084
27503361
27738476
27547814
27515956
27202724
27193207
27234854
27965254
27641153
27780107
27482112
27022608
27205306
27106255
27423536
27518969
27909454
27686973
27756692
27437741
27662477
27664556
27338346
27933429
27316941
27136518
27378484
27305490
27533767
27497943
27945864
27185140
27662931
27975468
27012598
27817673
27350835
27723699
27316406
27233382
27209675
27971174
27564625
27279495
27391244
27555863
27885355
27113952
27407375
27785100
27417624
27358235
27239087
27120410
27049834
27816731
27685680
27417658
27777698
27496757
27896235
27088245
27176228
27969061
27595265
27093782
27264618
27236031
27364733
27490305
27332250
27967422
27488299
27389759
27529338
27312063
27627127
27163908
27120995
27178728
27235697
27572210
27004024
27556070
27753602
27032570
27570335
27126365
27982136
27199434
27714709
27673083
27188995
27035973
27981153
27393702
27324329
27029950
27792745
27371963
27193754
27907783
27368005
27900925
27345269
27782541
27837847
27615742
27332401
27542678
27056270
27916074
27117617
27339182
27583929
27038594
27600091