9687
5016
5802
8104
9302
2349
3460
6539
8627
4050
8986
3323
6676
5490
7447
6605
1255
1497
7769
2798
9624
1506
4407
3374
6769
1888
1608
6939
5603
7242
5556
7203
1915
6912
5433
1298
2834
6292
6509
6849
4952
8621
2328
9551
1161
2509
8173
5978
2782
5680
9469
7531
2333
5403
1855
9002
7682
7203
1006
8136
2127
7959
8155
2213
5397
3874
6324
1987
3756
5338
1981
2972
2893
7189
4560
9273
7939
9218
7123
5756
8631
2526
8030
6407
6912
3548
1542
4613
6873
9147
5475
2627
6600
9311
5963
6002
6230
5906
6252
9893
9427
3622
5993
2856
9100
8533
7193
7740
5200
2480
3417
5726
4445
8169
4062
4253
1255
6934
8188
8573
2425
7671
7723
2566
3792
3038
3266
5691
2706
7174
3940
1776
2862
8592
9774
4073
2654
2604
5750
6674
3922
8447
4308
9621
9673
4366
2254
8228
4619
7821
9569
3029
3522
5757
3598
2185
8353
5986
8703
7215
5337
7668
2307
5320
7105
8908
8674
4232
8008
7091
4224
8899
3064
7181
3971
7891
8753
3850
7068
3541
3313
4398
2626
7826
5815
4519
3313
7850
8088
4705
9230
4224
3462
1376
2942
2181
4118
6715
8041
3509